85.94 35.98 24.35 17.49 39.77 91.56 7.05 76.29 94.06 4.01 
22.94 23.29 76.44 20.04 98 58.62 22.33 77.23 77.69 84.16 
79.76 74.67 62.36 86.85 49.28 5.46 33.67 13.38 68.94 69.87 
90.01 58.02 23.74 17.79 9.26 51.48 64.8 90.02 44.33 72.77 
48.49 83.95 16.33 20.95 79.26 8.63 75.11 85.68 70.96 42.22 
82.95 70.53 79.65 35.6 34.13 14.08 70.35 42.76 44.74 50.31 
76.99 7.59 42.31 25.76 2.51 46.63 32.57 82.58 10.68 83.2 
97.9 91.25 30.53 34.15 18.14 80.37 63.36 32.29 31.82 91.87 
51.64 13.5 11.29 4.77 61.38 30.02 63.84 70.86 92.68 44.92 
4.44 5.53 20.75 66.49 29.12 23.38 91.28 52.67 51.8 54.06 
